(150, 180, 130)
Started evalGP
Create initial fitness, pop size =  100
Finished initial fitness
                                    fitness                                        size_tree                   
                ----------------------------------------------- -----------------------------------------------
gen     nevals  avg     gen     max     min     nevals  std     avg     gen     max     min     nevals  std    
0       100     67.6065 0       95.33   39.33   100     19.0698 7.51    0       46      2       100     7.43034
1       100     85.8265 1       96.67   32      100     12.4789 9.27    1       47      2       100     11.0407
2       100     92.8527 2       97.33   77.33   100     3.95442 18.6    2       47      2       100     12.7969
3       100     93.6592 3       97.33   33.33   100     8.77785 19.17   3       36      6       100     10.7285
4       100     93.5736 4       98      32.67   100     9.73781 16.83   4       36      6       100     10.4595
5       100     95.3857 5       98      66.67   100     4.50103 12.72   5       35      2       100     9.39689
6       100     90.8987 6       98      33.33   100     15.7442 8.84    6       31      2       100     5.60307
7       100     93.5122 7       98      35.33   100     11.6756 7.56    7       19      2       100     3.56741
8       100     95.0797 8       98      39.33   100     9.13723 6.67    8       20      2       100     1.88709
9       100     92.6525 9       98      33.33   100     14.0077 6.39    9       12      2       100     0.968452
10      100     95.1064 10      98      45.33   100     10.2065 6.36    10      7       2       100     0.911263
11      100     91.3801 11      98      34      100     16.0862 6.55    11      15      2       100     1.08051 
12      100     92.7662 12      98      39.33   100     13.1172 6.56    12      14      2       100     1.09836 
13      100     93.92   13      98      36      100     11.6333 6.42    13      7       2       100     1.02157 
14      100     94.6264 14      98      36      100     11.6267 6.61    14      7       2       100     0.66174 
15      100     94.6401 15      98      34      100     12.3287 6.57    15      11      2       100     0.803181
16      100     96.0664 16      98      51.33   100     8.10574 6.43    16      7       2       100     1.0223  
17      100     96.9135 17      98      36.67   100     6.36114 6.94    17      36      6       100     2.95912 
18      100     96.6665 18      98      52      100     6.10571 6.65    18      7       2       100     0.653835
19      100     93.5799 19      98      35.33   100     13.1316 6.7     19      7       6       100     0.458258
20      100     96.593  20      98      39.33   100     7.33246 6.67    20      7       2       100     0.648922
21      100     95.3135 21      98      34.67   100     9.71536 6.82    21      13      6       100     0.753392
22      100     96.9132 22      98      61.33   100     4.27664 6.77    22      12      6       100     0.690724
23      100     96.4466 23      98      47.33   100     6.67917 6.73    23      7       6       100     0.443959
24      100     97.14   24      98      54      100     4.72079 6.73    24      7       6       100     0.443959
25      100     95.9798 25      98      38      100     7.42451 6.63    25      7       2       100     0.658103
26      100     94.7198 26      98      45.33   100     10.292  6.63    26      13      2       100     1.02621 
27      100     94.8062 27      98      47.33   100     9.84747 6.55    27      7       2       100     0.668954
28      100     96.2    28      98      33.33   100     8.41142 6.55    28      13      2       100     0.931397
29      100     94.8931 29      98      33.33   100     11.1177 6.45    29      7       2       100     0.668954
30      100     97.3266 30      98      86.67   100     1.93508 6.6     30      11      2       100     0.8     
31      100     96.0199 31      98      48      100     8.48307 6.52    31      7       2       100     0.921737
32      100     95.2464 32      98      38.67   100     10.2029 6.57    32      7       2       100     0.803181
33      100     94.1266 33      98      30.67   100     12.5455 6.62    33      7       2       100     0.797245
34      100     97.3331 34      98      56.67   100     4.19805 6.66    34      7       6       100     0.473709
35      100     94.1864 35      98      36      100     12.1043 6.57    35      13      2       100     1.04168 
36      100     93.1264 36      98      33.33   100     13.3309 6.5     36      7       2       100     0.921954
37      100     96.42   37      98      38      100     8.73842 6.78    37      7       6       100     0.414246
38      100     92.8732 38      98      35.33   100     13.9548 6.92    38      24      2       100     1.97322 
39      100     95.6335 39      98      36.67   100     10.5579 6.84    39      9       6       100     0.440908
40      100     93      40      98      33.33   100     15.5218 6.89    40      14      6       100     0.81111 
41      100     97.1667 41      98      28.67   100     6.9159  6.86    41      7       6       100     0.346987
42      100     97.3334 42      98      86      100     2.07811 6.79    42      7       2       100     0.604897
43      100     96.2801 43      98      33.33   100     7.31676 6.88    43      7       6       100     0.324962
44      100     94.74   44      98      37.33   100     11.312  6.85    44      14      2       100     1.04283 
45      100     93.8332 45      98      34.67   100     13.3131 6.76    45      7       2       100     0.763151
46      100     94.8268 46      98      34.67   100     12.187  6.78    46      7       2       100     0.756042
47      100     96.96   47      98      52.67   100     5.56257 6.84    47      7       6       100     0.366606
48      100     95.0398 48      98      41.33   100     11.0194 6.89    48      15      6       100     0.904378
49      100     94.1132 49      98      34      100     12.9103 6.8     49      11      6       100     0.6     
50      100     95.0402 50      98      34      100     12.3165 6.7     50      7       6       100     0.458258
Finished evalGP
Best individual  Local_SIFT(Region_R(Image0, 102, 38, 43, 45))
Test results   98.0
Train time   3118.574682111
Test time   1.1018568219997178
End
