(150, 180, 130)Started evalGPCreate initial fitness, pop size =  100
Finished initial fitness
                                   fitness                                         size_tree
                ----------------------------------------------  -----------------------------------------------
gen     nevals  avg     gen     max     min     nevals  std     avg     gen     max     min     nevals  std    
0       100     66.8927 0       91.33   39.33   100     17.966  7.51    0       46      2       100     7.43034
1       100     84.646  1       92      41.33   100     9.03901 9.54    1       46      2       100     11.3026
2       100     88.2126 2       93.33   44.67   100     6.47005 20.72   2       46      2       100     12.6143
3       100     89.6198 3       93.33   41.33   100     5.63136 28.77   3       49      7       100     8.14721
4       100     91.2334 4       93.33   69.33   100     2.99147 29.95   4       44      7       100     5.05247
5       100     91.8661 5       94      74.67   100     2.18026 30.6    5       49      16      100     5.96657
6       100     92.0592 6       94      84      100     1.64629 28.66   6       42      2       100     6.1061 
7       100     91.4192 7       94.67   42      100     5.57149 26.54   7       48      2       100     6.79179
8       100     91.9731 8       94.67   75.33   100     3.11158 24.3    8       45      5       100     6.35531
9       100     92.4475 9       94.67   76      100     2.76218 23.35   9       36      15      100     4.14337
10      100     92.9673 10      94.67   80      100     2.18394 23.24   10      32      2       100     5.01023
11      100     93.1078 11      94.67   71.33   100     2.82977 24.48   11      32      2       100     4.47991
12      100     92.9412 12      94.67   75.33   100     2.63934 25.06   12      37      16      100     4.18287
13      100     93.2415 13      94.67   84      100     2.15949 25.57   13      37      16      100     4.16954
14      100     92.6281 14      94.67   59.33   100     4.31839 24.67   14      33      6       100     5.03995
15      100     92.9081 15      94.67   86.67   100     2.08875 25.2    15      34      11      100     4.43847
16      100     92.9812 16      94.67   76      100     2.39412 25.37   16      41      16      100     4.45119
17      100     92.9945 17      94.67   74      100     2.75203 26.38   17      42      15      100     4.59952
18      100     93.2344 18      94.67   76      100     2.37526 26.96   18      41      15      100     4.29865
19      100     92.7544 19      94.67   71.33   100     3.06281 27.43   19      41      2       100     4.64813
20      100     92.8675 20      94.67   75.33   100     2.85211 28.35   20      47      16      100     5.218  
21      100     92.7147 21      94.67   76      100     2.99013 29.08   21      47      16      100     4.76168
22      100     92.9416 22      94.67   72.67   100     3.52186 30.68   22      49      13      100     6.94821
23      100     93.1616 23      94.67   62.67   100     3.96986 31.39   23      52      2       100     7.4201 
24      100     93.4418 24      94.67   86      100     1.85023 31.9    24      49      16      100     7.19514
25      100     92.5475 25      94.67   72      100     4.12669 32.44   25      59      16      100     8.42297
26      100     92.7548 26      94.67   62.67   100     4.25749 32.34   26      59      2       100     10.0968
27      100     93.5018 27      94.67   86.67   100     1.91569 33.15   27      59      16      100     9.5534 
28      100     93.655  28      94.67   87.33   100     1.55173 34.24   28      59      16      100     8.8917 
29      100     93.1815 29      94.67   72.67   100     2.92192 37.18   29      60      2       100     11.0131
30      100     93.7753 30      94.67   85.33   100     1.54535 39.25   30      59      24      100     10.6905
31      100     93.8821 31      94.67   86      100     1.47521 39.27   31      63      16      100     11.1775
32      100     93.6278 32      94.67   85.33   100     1.78811 40.4    32      60      19      100     10.7527
33      100     93.448  33      94.67   86      100     1.94706 41.29   33      65      23      100     11.351 
34      100     92.8349 34      94.67   44.67   100     7.03722 43.22   34      68      6       100     12.2757
35      100     93.688  35      94.67   86.67   100     1.54812 45.02   35      65      24      100     10.7023
36      100     93.6481 36      94.67   84      100     1.83505 45.09   36      65      19      100     10.9472
37      100     93.7078 37      94.67   86      100     1.55389 45.02   37      65      16      100     11.7524
38      100     93.7818 38      94.67   85.33   100     1.51854 46.48   38      65      11      100     11.9787
39      100     93.6413 39      94.67   75.33   100     2.36453 49.47   39      92      16      100     12.2544
40      100     93.6755 40      94.67   44      100     5.0552  47.88   40      92      7       100     13.9013
41      100     93.6615 41      94.67   86.67   100     1.76849 50.4    41      93      16      100     15.8266
42      100     94.0418 42      94.67   84.67   100     1.2722  54.42   42      93      16      100     16.168 
43      100     94.0419 43      94.67   86      100     1.42704 53.5    43      92      19      100     15.7794
44      100     93.7749 44      94.67   71.33   100     2.64611 54.83   44      97      2       100     19.8066
45      100     93.7151 45      94.67   77.33   100     2.22056 57.48   45      97      2       100     21.1719
46      100     94.2088 46      94.67   86.67   100     1.02806 57.71   46      97      24      100     22.8676
47      100     93.9617 47      94.67   85.33   100     1.33385 55.92   47      96      16      100     22.6286
48      100     93.8618 48      94.67   75.33   100     2.25651 61.23   48      96      16      100     24.2927
49      100     93.7218 49      94.67   71.33   100     2.62094 63.66   49      111     2       100     23.3325
50      100     93.935  50      94.67   78.67   100     1.87311 63.54   50      111     21      100     22.9436
Finished evalGP
Best individual  FeaCon3(Local_uLBP(Region_S(Image0, 99, 90, 48)), Global_HOG(Image0), FeaCon3(Global_SIFT(Image0), Local_SIFT(Region_S(Image0, 111, 68, 48)), Global_DIF(Image0)))
Test results   98.0
Train time   34649.234375
Test time   13.171875
End